0 1 -1 -1 -1
1 2 0 -1 -1
2 12 1 -1 3
3 -1 -1 2 4
4 -1 -1 3 5
5 -1 6 4 -1
6 5 7 -1 -1
7 6 -1 8 9
8 -1 -1 -1 7
9 -1 -1 7 10
10 11 -1 9 -1
11 -1 10 -1 -1
12 13 2 -1 -1
13 18 12 14 -1
14 -1 -1 15 13
15 -1 16 -1 14
16 15 -1 17 -1
17 -1 -1 -1 16
18 28 13 -1 19
19 -1 -1 18 20
20 -1 -1 19 21
21 -1 22 20 -1
22 21 -1 -1 23
23 -1 -1 22 24
24 25 27 23 -1
25 26 24 -1 -1
26 -1 25 -1 -1
27 24 -1 -1 -1
28 -1 18 29 -1
29 -1 -1 30 28
30 -1 -1 31 29
31 -1 -1 32 30
32 -1 33 -1 31
33 32 -1 34 -1